100 3200
52 59
2 25
34 89
53 32
22 94
29 50
28 98
68 56
1 43
80 26
75 45
46 55
72 74
6 84
82 76
34 29
39 36
12 93
13 40
90 74
13 56
32 68
56 20
56 30
62 51
28 90
44 3
22 46
81 80
35 8
31 38
21 82
19 3
36 68
71 96
57 24
71 45
25 55
13 100
98 42
78 22
62 27
6 96
53 28
93 79
45 60
43 3
88 45
41 18
53 79
34 50
76 100
86 49
9 64
25 98
37 69
48 76
9 99
26 60
60 89
7 94
10 68
5 84
55 71
92 89
46 10
22 70
39 42
84 16
8 44
51 86
97 36
67 90
48 25
1 40
39 64
98 43
57 66
98 44
3 98
82 65
54 38
80 30
14 15
78 65
47 73
57 5
86 18
63 22
50 11
48 21
43 16
26 14
94 5
46 17
99 94
72 1
58 5
15 81
17 61
61 21
57 81
28 81
73 45
79 65
70 35
34 37
4 10
100 35
92 4
86 7
27 59
24 60
66 23
93 69
47 31
87 59
42 91
97 37
15 28
74 96
72 94
72 36
73 38
4 94
54 67
40 91
61 51
46 49
25 9
3 5
32 49
89 93
83 31
90 11
22 37
1 89
43 51
42 59
15 54
61 47
84 98
96 61
5 66
10 26
12 95
51 97
93 34
81 20
68 76
57 78
84 3
83 34
39 49
96 75
24 34
84 30
13 47
88 97
82 59
26 94
77 66
16 9
22 12
35 15
57 7
47 80
21 93
80 56
60 17
60 69
64 77
76 70
31 64
36 43
99 54
27 66
40 83
45 7
99 65
82 10
20 89
48 77
96 34
62 68
21 23
6 73
37 1
47 85
6 75
54 22
85 2
98 29
18 28
58 66
31 40
4 18
85 88
77 18
2 88
63 21
92 68
32 85
27 14
58 75
58 59
14 17
98 87
39 50
91 33
84 49
2 50
74 12
93 10
60 97
66 65
20 9
71 2
97 86
39 3
3 32
13 98
22 19
21 1
65 87
88 58
61 79
41 55
25 52
90 44
26 44
46 63
64 33
67 41
18 48
84 82
90 8
35 13
62 18
1 59
51 41
4 38
82 39
33 72
100 3
34 39
74 36
6 47
60 87
44 67
14 32
12 48
17 83
20 76
59 77
75 86
81 87
64 41
100 85
29 72
11 24
1 91
84 70
66 48
8 76
39 45
17 79
82 27
99 45
99 30
10 11
83 9
82 79
10 74
64 32
73 9
57 75
28 4
83 12
27 28
78 46
66 22
77 95
82 4
58 8
2 81
56 19
30 53
78 53
98 58
63 51
99 64
80 31
70 19
29 28
5 7
75 35
98 51
57 23
24 18
58 16
80 18
79 69
69 97
74 23
22 90
55 87
91 85
39 96
71 29
87 67
95 100
9 32
29 65
27 5
42 9
64 95
60 52
96 4
3 45
89 38
2 60
36 88
71 48
45 9
41 38
78 51
85 20
41 29
29 8
23 70
19 2
76 29
38 37
35 85
7 30
65 81
35 97
28 84
8 78
53 45
60 51
68 77
20 1
68 4
32 70
66 17
45 61
86 88
86 9
31 32
58 84
49 95
79 58
76 78
14 58
24 65
20 49
79 91
59 86
91 89
56 82
13 33
27 46
8 1
67 9
58 28
28 1
59 32
3 48
88 60
9 56
51 92
1 64
71 83
26 54
87 20
88 73
50 97
71 94
82 19
87 42
37 50
66 85
71 60
74 26
82 83
77 17
10 52
49 93
56 12
5 19
73 66
13 15
55 44
97 78
20 98
29 16
66 69
15 90
78 86
2 94
67 72
14 6
37 88
20 26
70 11
89 3
58 12
66 34
80 86
86 74
22 75
43 13
83 54
30 23
2 58
54 86
48 35
12 89
61 8
27 4
32 36
68 84
32 18
63 81
37 91
69 68
39 95
91 90
39 52
93 35
68 29
78 10
39 5
52 78
76 96
31 23
86 55
77 2
85 95
57 38
58 72
16 76
14 83
55 52
20 82
70 55
57 98
100 23
89 29
77 94
75 26
16 38
13 51
72 15
81 90
28 5
96 65
24 8
29 79
38 75
91 67
38 70
96 19
30 35
50 53
80 74
98 19
31 56
16 96
3 53
79 50
80 44
10 8
95 3
99 79
57 79
11 77
96 29
74 94
72 70
48 19
81 100
85 31
25 28
5 68
96 7
3 22
22 8
67 62
16 85
37 46
87 6
84 19
98 92
46 74
18 79
23 95
40 39
25 4
88 81
84 37
17 7
4 3
43 22
19 45
31 12
38 60
51 88
49 43
26 52
63 37
52 22
39 73
96 12
72 62
5 61
62 42
15 58
43 68
92 79
77 41
7 19
98 26
21 89
94 53
14 91
19 13
63 79
71 63
42 35
97 22
45 1
25 26
65 28
6 97
20 61
1 41
14 52
86 70
41 20
7 10
67 39
98 50
81 21
34 58
51 50
71 14
90 40
15 68
50 58
69 54
19 83
90 59
53 64
78 56
91 48
9 62
2 4
100 99
49 18
56 63
27 22
100 36
98 22
36 23
27 65
25 65
36 90
88 42
44 13
76 35
12 27
27 97
14 81
4 60
98 83
21 20
13 14
24 20
36 37
41 70
63 76
96 84
81 55
20 62
64 22
98 60
46 29
86 63
54 44
38 24
71 20
32 84
16 23
8 28
62 64
98 70
66 1
11 55
59 68
2 87
49 99
5 17
34 80
67 34
49 60
83 56
26 28
80 22
63 65
16 8
76 60
47 49
6 64
60 84
59 2
28 86
2 43
87 88
5 4
76 21
8 75
33 27
75 21
25 64
5 60
66 2
45 31
66 32
6 18
54 41
81 47
63 98
82 94
56 77
99 32
58 71
72 27
65 36
10 15
68 79
68 64
78 82
11 23
91 31
54 64
48 80
44 83
5 59
34 28
10 22
47 39
61 67
99 52
38 56
44 2
33 77
96 33
54 43
59 55
56 18
26 55
53 80
3 96
83 22
8 51
59 46
9 58
94 100
85 34
72 34
14 54
21 74
22 68
55 8
4 8
7 33
26 18
63 30
95 20
17 91
87 56
62 83
47 93
64 51
44 72
83 37
83 64
26 67
50 62
87 62
14 90
91 76
11 94
66 40
65 62
15 92
94 57
13 91
15 93
24 62
61 43
85 46
59 65
95 70
81 99
73 82
59 30
62 21
39 60
59 10
30 61
22 49
31 75
40 89
61 99
52 81
91 62
86 20
100 80
9 79
4 45
13 81
96 60
40 57
21 11
98 76
59 7
93 58
79 100
38 12
35 98
74 37
41 45
6 22
71 35
76 41
1 84
60 15
76 94
64 20
62 22
40 34
33 6
75 47
45 26
100 92
33 49
83 7
83 3
9 28
85 13
43 5
31 79
55 47
11 65
33 50
29 81
69 76
43 11
100 90
83 49
43 77
96 64
61 33
79 95
77 78
36 27
5 26
35 12
100 67
48 40
52 64
48 54
14 34
30 3
15 84
64 47
17 38
65 97
47 9
24 5
36 82
6 100
42 22
40 6
75 61
12 77
67 68
27 38
94 31
18 61
13 4
61 7
52 72
28 77
29 20
22 69
8 54
54 10
94 28
9 41
49 85
70 67
92 88
49 6
7 31
50 18
52 30
13 18
97 68
4 69
6 67
81 67
54 65
77 30
77 34
34 21
68 74
19 46
65 31
77 8
42 51
13 55
13 87
37 16
82 44
56 51
70 99
31 58
66 63
58 56
97 14
69 43
98 11
95 53
31 81
15 18
97 74
5 8
29 24
36 53
60 37
82 12
71 93
57 14
6 80
23 92
72 35
36 3
55 57
59 67
33 60
8 95
41 86
45 79
26 41
98 54
32 10
15 16
28 31
86 58
57 21
22 74
91 77
24 91
91 39
91 29
61 38
87 78
85 59
83 100
9 51
56 92
27 93
33 69
39 55
69 13
38 93
44 87
54 20
65 46
42 8
69 64
33 89
13 60
99 26
46 76
27 40
97 12
66 90
68 40
76 61
91 27
50 21
11 71
88 25
71 12
3 47
50 13
73 3
14 45
32 34
47 60
65 93
35 34
82 38
69 58
65 2
48 26
26 72
63 20
11 85
93 92
77 22
30 96
49 19
9 84
25 3
73 57
42 75
93 22
84 92
52 48
54 5
45 100
25 47
65 23
73 33
28 91
59 33
84 20
29 7
33 58
5 18
44 53
5 55
45 15
46 4
78 9
94 60
19 81
52 31
24 77
50 88
100 65
4 19
71 86
17 54
51 25
10 28
36 20
54 87
17 18
4 31
65 64
39 74
57 86
16 74
53 27
58 44
53 16
9 29
73 53
37 90
20 94
3 71
66 41
71 10
87 72
70 49
59 83
94 3
36 48
6 88
21 42
87 63
32 6
52 1
29 6
22 82
57 3
48 16
15 36
41 74
13 24
20 45
81 98
90 75
94 15
11 99
37 18
38 44
54 46
49 91
87 30
81 42
51 7
23 64
70 29
22 40
74 75
11 48
81 54
31 90
11 7
33 98
27 63
47 34
92 12
27 54
92 24
56 99
72 69
64 74
37 51
44 64
33 80
18 97
97 58
10 64
54 3
46 83
1 70
10 94
94 42
73 78
61 37
51 67
78 4
47 45
80 14
39 10
36 31
34 8
56 61
25 34
9 48
45 98
50 55
31 25
79 64
51 85
5 86
82 42
85 84
9 18
13 6
78 44
65 61
63 59
89 97
9 53
63 77
13 62
23 54
35 46
70 71
97 93
61 84
61 58
76 64
11 18
50 54
89 73
96 52
51 12
60 91
12 8
39 62
27 100
73 87
24 52
36 89
35 95
93 36
62 32
100 54
38 81
5 97
94 95
80 23
98 37
73 93
70 3
95 88
51 99
5 71
85 93
22 86
9 50
90 71
61 70
70 91
34 30
67 48
49 34
16 70
78 16
66 76
100 38
78 60
3 59
25 66
40 41
72 60
17 30
53 35
83 88
23 27
26 11
36 41
100 4
46 90
61 26
89 23
84 8
93 3
47 16
65 13
46 33
70 40
60 1
43 91
51 23
48 34
18 31
81 68
52 58
72 16
97 8
3 92
14 55
16 88
70 45
51 96
92 58
5 12
69 65
52 17
5 99
94 49
76 55
69 67
59 76
63 62
67 18
95 57
84 48
11 36
39 35
100 1
28 76
13 21
80 88
34 11
11 81
75 82
89 39
20 32
82 24
100 75
26 9
6 71
73 35
23 93
6 59
7 26
21 47
70 92
76 15
96 58
66 86
27 35
2 98
6 20
40 37
15 4
15 30
23 82
43 70
87 37
3 10
66 7
33 42
78 3
54 21
38 19
54 45
31 62
94 36
25 41
27 99
70 26
78 11
30 57
75 64
61 88
79 46
59 57
91 38
13 73
5 91
87 64
93 46
23 88
80 95
92 71
59 99
7 20
79 13
18 100
58 35
18 44
65 44
4 98
38 62
24 26
86 52
90 84
93 52
4 21
31 1
44 88
85 8
80 78
48 69
10 75
12 39
40 24
9 100
78 19
49 88
51 38
49 28
96 38
92 94
97 19
2 89
16 73
40 81
72 63
83 80
56 90
52 97
79 47
35 50
30 46
43 94
30 72
19 58
10 18
96 66
29 49
38 97
42 30
34 38
46 9
95 67
12 98
62 71
27 34
30 58
16 90
18 73
95 54
26 12
71 17
21 98
64 92
2 31
12 17
28 16
24 89
12 87
62 6
49 52
81 58
27 37
61 94
10 55
83 68
5 79
56 45
9 74
82 53
29 55
10 85
23 75
37 28
99 14
63 64
6 27
30 97
65 33
23 39
10 73
59 16
78 32
17 73
1 48
66 74
59 44
11 17
19 40
16 79
87 50
20 60
65 37
96 85
54 56
43 27
40 51
47 97
82 58
73 50
12 11
79 80
71 65
59 50
63 52
25 84
24 41
78 15
14 11
56 76
39 30
98 73
45 50
31 24
63 6
16 71
35 41
30 47
89 72
81 1
42 69
93 7
97 92
23 61
79 32
1 87
63 50
11 46
100 11
54 90
82 57
39 41
65 20
61 29
89 84
39 6
37 45
81 78
6 92
52 8
87 53
30 73
18 90
92 37
5 14
53 97
98 93
97 87
30 62
75 5
25 20
86 40
49 41
70 85
2 17
82 9
43 35
17 3
62 59
47 15
32 38
48 82
6 77
72 28
42 43
88 63
41 21
16 12
63 40
10 1
30 100
76 87
40 26
73 61
33 85
84 41
18 59
94 87
60 42
61 13
76 72
39 92
96 36
67 80
61 74
42 53
17 39
87 71
51 68
11 75
44 91
10 42
8 43
47 62
17 69
54 39
6 66
59 9
90 55
69 12
86 27
68 12
27 71
4 83
29 12
63 53
7 74
98 82
72 9
10 24
66 20
48 46
11 16
61 19
2 92
38 99
11 51
29 87
3 27
82 61
79 85
8 45
99 29
2 100
7 27
12 53
24 59
56 16
24 4
42 89
94 51
2 5
77 37
22 47
33 75
31 93
35 52
73 64
59 31
31 74
67 88
40 77
56 97
1 86
79 42
47 46
35 59
11 2
26 21
83 10
97 3
16 19
9 93
71 4
77 96
83 70
75 40
62 2
48 72
38 36
81 44
61 92
7 44
87 45
68 11
97 9
30 71
68 95
41 3
65 56
71 49
39 15
47 91
47 69
73 94
83 99
86 24
15 79
54 9
99 86
66 84
64 26
46 80
76 95
18 71
1 58
43 100
20 80
74 42
92 57
54 66
55 77
71 100
21 60
45 96
90 80
12 30
37 23
54 88
19 8
75 66
77 42
87 82
53 47
58 4
83 28
19 89
89 43
77 53
83 20
43 30
55 2
100 20
16 1
44 42
97 15
11 93
56 46
57 15
69 62
30 14
64 72
86 56
61 24
27 68
22 31
9 71
22 85
86 25
26 29
13 45
59 75
28 60
79 39
36 56
92 42
33 79
51 44
39 24
74 89
69 39
81 26
98 56
30 82
3 20
97 55
25 39
22 100
83 1
2 39
96 88
64 56
80 9
11 96
58 95
29 78
99 21
35 22
46 51
46 5
55 91
21 37
65 19
8 74
57 96
64 57
3 68
82 60
40 35
77 58
47 36
30 10
6 11
68 20
33 90
16 98
38 98
89 69
6 48
13 7
1 67
86 68
44 31
12 54
97 77
34 76
16 60
8 7
27 81
4 37
1 79
90 29
9 70
27 69
70 21
14 73
30 37
98 62
54 1
79 34
46 3
29 32
90 30
14 62
55 27
5 33
10 14
63 69
17 55
19 52
55 35
97 21
27 58
5 56
45 46
30 83
24 88
92 16
52 90
62 41
7 42
60 19
52 21
63 49
19 32
4 1
88 5
17 32
34 99
55 93
95 36
43 99
94 47
53 96
88 69
7 60
34 44
27 24
79 44
56 89
44 46
99 91
96 20
59 51
39 57
2 64
59 84
20 79
43 82
78 42
22 9
71 31
27 42
42 28
91 80
35 80
15 89
31 63
76 26
9 60
14 41
24 33
2 54
5 48
51 74
19 28
19 35
8 87
50 75
60 53
17 43
83 86
18 25
22 45
88 40
28 61
81 3
47 63
37 31
87 69
46 23
75 69
68 80
82 26
4 14
81 12
81 92
46 64
42 86
1 7
40 79
1 44
72 42
18 12
38 83
29 75
60 93
99 55
53 59
24 68
57 46
56 10
84 88
44 22
28 100
18 20
86 91
96 31
15 40
76 4
91 50
22 51
51 80
37 55
63 14
68 37
2 53
86 67
94 41
2 15
24 55
62 19
100 86
42 24
9 23
25 24
53 58
80 52
67 66
37 13
86 2
88 17
32 65
81 97
6 44
20 5
47 83
95 16
1 34
77 72
35 69
91 21
21 32
7 28
35 1
72 12
98 39
50 85
13 39
8 18
40 95
55 16
74 71
42 80
23 62
16 3
63 83
66 83
50 5
33 1
86 26
67 8
21 79
95 41
15 62
68 99
24 15
68 19
57 20
10 16
82 16
3 26
63 91
100 37
57 8
15 34
41 99
65 42
11 80
68 66
51 55
16 25
73 34
45 2
45 72
37 10
43 85
93 24
99 89
72 25
42 46
84 38
6 95
69 70
33 82
65 16
54 19
89 53
89 83
34 97
5 10
61 68
87 19
79 88
6 10
76 9
75 28
21 24
27 84
15 100
31 92
97 20
29 18
25 78
96 27
56 81
62 37
14 51
65 5
56 34
51 5
45 92
45 52
8 49
31 67
49 82
68 44
8 88
57 91
47 48
20 69
54 78
20 73
51 15
16 80
23 3
64 89
41 65
90 89
49 90
40 72
53 39
98 24
57 69
47 24
60 86
86 79
11 66
75 30
61 16
31 95
71 79
18 57
9 44
21 67
15 52
63 61
92 63
36 34
56 42
40 8
18 53
6 21
94 58
26 97
5 35
28 80
27 60
88 19
93 66
85 53
3 62
16 30
25 50
45 5
86 29
85 1
97 76
54 58
25 92
62 26
6 74
67 47
3 29
89 71
41 61
89 62
6 58
13 48
100 47
78 71
54 31
76 25
60 67
27 9
94 14
99 60
42 4
20 44
35 67
36 91
83 5
81 72
31 48
52 4
32 69
57 26
15 33
55 79
22 7
96 28
100 24
98 77
25 94
21 65
14 28
82 7
80 75
10 58
12 23
8 2
15 25
65 18
21 87
13 72
51 100
12 66
23 73
41 52
87 51
38 77
66 37
68 30
77 29
17 82
5 81
76 17
29 47
58 25
38 33
27 73
77 25
70 17
33 31
41 48
100 58
46 69
4 75
49 3
88 20
32 93
77 52
34 22
64 38
65 17
95 42
97 42
59 45
58 23
45 58
62 4
78 2
12 75
85 62
26 49
99 40
52 61
58 76
17 87
23 25
9 77
36 16
97 66
59 93
87 68
4 91
57 58
100 14
63 24
83 77
64 18
38 26
23 14
2 69
99 28
84 51
76 30
2 23
20 75
39 26
93 78
97 7
13 16
91 96
50 74
69 73
7 95
15 91
94 48
36 19
10 17
64 93
74 63
67 16
73 43
33 66
88 64
79 76
50 49
81 37
17 68
41 93
57 74
100 50
25 45
12 79
11 3
15 99
67 10
62 34
5 63
82 90
87 41
33 86
36 77
76 1
73 36
49 21
99 87
70 82
51 1
92 26
87 28
2 90
21 29
46 97
81 94
35 92
20 74
63 67
52 57
99 53
15 44
100 33
5 40
41 5
75 91
41 4
80 37
91 88
18 22
18 7
22 91
45 68
40 18
91 45
39 84
30 92
30 5
92 28
99 96
89 44
93 6
31 73
41 16
77 44
65 60
2 38
36 79
25 95
84 29
75 9
48 15
95 65
49 13
50 60
54 6
22 32
59 66
73 62
65 57
17 6
11 69
63 29
4 34
26 8
36 12
24 73
41 28
30 50
51 95
6 25
49 27
41 34
38 10
28 74
79 94
75 36
100 8
48 64
93 56
47 44
67 5
29 80
74 56
30 67
65 9
36 24
49 25
1 46
45 18
60 85
63 89
69 45
65 67
59 39
82 18
21 64
33 92
68 89
13 20
19 75
52 20
83 41
58 83
73 79
24 45
100 53
25 93
30 36
23 76
29 69
18 72
92 62
53 38
73 11
56 17
17 90
79 51
10 34
79 35
40 46
92 80
64 8
84 100
47 68
34 12
47 20
26 95
86 64
73 81
98 99
62 94
80 64
14 31
88 52
98 31
58 65
8 39
12 78
37 41
40 44
76 3
63 84
58 62
80 13
55 64
37 8
57 56
86 95
21 78
9 34
93 16
83 33
21 100
24 56
49 61
88 30
16 24
49 81
19 53
25 57
11 5
13 10
77 21
44 48
8 86
7 16
16 54
44 93
2 82
99 50
48 8
92 86
43 26
38 40
59 88
43 12
11 8
51 54
86 36
42 52
10 21
88 94
81 93
65 92
24 87
58 63
71 95
40 65
26 33
15 1
69 26
38 45
53 37
26 68
85 17
10 86
50 31
27 87
46 62
10 43
33 32
59 94
86 94
96 48
14 19
90 13
19 76
63 38
69 31
77 87
90 98
49 76
42 84
93 48
46 31
77 20
72 5
96 42
35 37
85 76
8 96
47 27
54 13
64 14
39 48
20 55
47 70
44 39
60 61
45 49
4 81
94 85
35 57
69 21
12 9
98 15
94 17
27 45
64 24
35 24
49 51
100 42
94 19
76 2
70 5
55 100
57 87
86 17
13 23
2 26
69 78
97 67
45 76
20 15
87 9
67 46
64 66
94 39
19 63
68 16
83 42
12 21
45 89
2 24
11 79
41 22
74 65
46 6
66 9
63 39
25 75
16 66
43 48
66 24
8 59
61 11
85 6
44 17
76 53
77 39
11 60
34 59
4 70
15 50
87 36
85 92
77 71
60 81
53 11
31 30
35 45
44 52
81 71
22 65
18 46
8 38
12 13
13 84
97 72
21 18
100 77
99 33
18 23
64 42
7 21
87 16
14 7
48 55
12 70
70 96
63 13
19 21
93 80
89 6
91 61
56 27
5 69
72 57
4 50
41 56
95 33
8 79
8 23
52 84
97 82
88 4
67 92
75 88
50 44
27 10
76 36
49 10
68 72
50 17
65 88
85 36
45 64
29 37
32 56
45 90
30 20
53 67
71 68
87 47
93 39
23 50
56 2
33 74
17 47
99 8
35 62
51 93
93 14
7 89
19 6
82 71
85 44
79 67
45 30
41 33
23 5
74 100
64 59
44 96
45 11
78 72
25 59
37 89
46 75
85 86
12 55
95 98
52 94
19 18
6 9
59 98
94 6
91 65
69 28
66 31
47 57
5 22
92 52
62 25
68 55
28 3
79 4
49 48
11 97
1 71
84 23
16 21
12 60
60 66
88 41
19 41
62 78
76 75
52 95
55 15
24 58
77 62
98 6
23 86
23 90
67 17
30 13
55 38
75 89
21 88
62 70
29 38
47 78
40 54
95 83
56 23
14 12
67 50
11 35
27 29
25 12
46 95
31 70
78 39
60 34
79 74
46 60
2 63
76 89
13 77
73 60
36 44
85 90
93 99
96 5
11 67
82 15
8 15
77 15
50 24
39 38
8 36
47 72
67 29
67 94
50 38
22 13
89 54
28 17
90 95
83 53
47 84
53 26
86 77
63 28
15 23
76 13
13 93
11 25
18 78
14 69
99 17
21 73
10 29
79 41
7 55
62 29
70 7
17 34
63 9
90 62
49 55
62 53
87 5
6 45
73 4
53 65
17 51
34 20
3 50
45 36
65 55
38 49
52 79
7 63
43 34
57 48
19 92
14 79
26 50
7 75
76 67
86 50
41 6
1 57
19 80
78 28
8 98
52 71
47 41
75 83
14 70
32 44
33 12
35 60
19 85
30 86
28 59
9 98
19 79
50 71
35 91
98 67
52 2
13 82
13 57
42 93
17 20
18 91
82 69
48 29
66 42
44 76
75 52
91 59
65 7
33 43
5 1
47 54
97 32
67 93
8 80
28 13
83 67
92 82
10 95
38 58
58 64
87 92
12 76
66 78
6 68
24 97
90 70
24 69
69 86
53 88
82 51
92 9
42 70
47 96
85 18
73 28
81 24
22 4
18 35
57 71
32 43
21 44
62 45
28 71
14 49
43 9
47 32
20 70
99 90
36 81
10 69
8 32
69 40
59 71
10 91
94 68
85 40
18 34
80 15
13 74
72 46
46 53
75 60
100 70
70 77
76 32
84 55
48 59
5 29
26 32
57 11
60 58
53 74
89 49
40 47
42 41
43 92
65 70
19 77
100 91
37 79
18 98
11 63
11 47
25 73
26 13
66 38
64 5
75 48
32 88
93 2
66 81
66 92
94 33
33 20
2 37
17 62
78 14
91 66
98 1
93 86
69 7
62 81
75 37
29 94
41 60
33 10
96 56
4 65
71 97
50 93
56 52
86 31
72 2
75 13
49 64
22 92
92 54
79 54
75 27
1 39
3 74
80 57
35 20
19 51
62 56
7 23
98 36
40 76
12 28
24 70
94 97
63 70
55 75
96 14
9 11
21 94
56 35
43 41
28 48
51 45
77 93
24 32
1 13
19 29
61 44
50 19
52 83
39 29
63 48
61 55
99 39
86 39
87 18
28 93
6 57
46 50
95 47
52 23
47 28
22 50
34 57
66 39
62 76
49 67
62 60
84 86
79 2
70 54
74 47
26 27
24 95
86 98
69 3
30 89
5 77
96 25
15 31
10 96
20 51
89 51
75 15
21 28
82 68
48 22
22 2
1 32
75 71
61 86
41 59
17 80
21 84
52 16
89 88
22 56
13 2
75 3
69 99
16 14
69 44
9 21
20 28
49 74
87 89
1 69
46 32
49 54
82 89
86 47
4 93
66 26
78 45
88 29
7 79
70 58
75 34
70 57
64 19
50 89
5 78
16 89
42 38
48 70
41 98
46 68
61 57
52 74
71 85
64 12
91 41
74 84
67 64
96 54
94 38
17 8
45 55
70 73
13 8
92 53
45 85
90 79
32 51
68 78
44 75
85 75
78 40
49 100
83 81
61 36
17 48
9 15
44 24
36 71
60 14
52 27
71 23
85 57
20 12
95 73
56 40
6 69
81 18
60 48
51 36
38 46
41 50
54 93
61 48
39 43
48 53
31 6
85 9
82 6
6 55
16 69
100 41
72 54
77 4
47 88
31 88
89 46
27 94
98 64
10 36
89 78
78 38
70 74
15 6
23 34
70 6
62 66
64 100
1 80
48 27
88 38
95 17
57 67
22 79
92 77
53 56
39 75
31 99
96 59
97 29
84 76
30 85
51 2
9 19
12 49
67 82
46 71
36 14
5 13
48 4
96 55
73 46
3 13
8 53
32 67
23 42
76 37
77 88
77 54
13 78
44 19
43 72
82 91
76 92
25 46
34 100
36 54
14 44
36 29
33 2
67 56
69 91
29 66
64 29
19 55
37 32
50 32
98 10
98 97
38 72
99 67
44 27
8 56
56 28
48 23
21 39
10 92
54 33
29 92
22 59
5 44
81 95
85 21
87 33
78 34
71 32
54 30
68 39
92 90
46 81
2 46
49 75
86 32
74 18
57 32
72 66
45 23
10 100
97 91
74 43
40 60
65 75
33 71
66 43
96 21
61 93
52 37
43 60
7 52
6 8
92 18
75 56
24 54
20 11
95 2
72 80
72 55
83 78
55 34
96 86
76 14
22 33
22 1
79 83
33 25
11 33
63 73
31 39
5 47
36 7
39 22
80 60
66 82
67 73
55 31
14 42
43 37
83 97
30 22
79 75
42 45
75 99
31 84
71 99
89 11
68 93
83 27
6 23
6 43
95 99
76 81
50 66
87 96
30 6
51 35
80 71
34 63
88 74
65 3
59 54
64 70
12 3
5 6
100 73
46 100
42 12
62 10
95 44
33 76
88 35
97 73
17 24
84 97
54 97
30 98
39 70
61 81
87 43
37 96
79 89
39 76
55 9
4 66
29 54
75 72
54 28
48 85
23 98
7 100
1 25
93 83
26 91
100 31
89 67
97 31
28 35
32 72
52 40
44 84
17 45
56 48
94 40
12 1
10 19
68 8
64 82
77 60
83 45
70 94
51 24
27 15
14 72
69 23
10 70
87 95
56 14
4 61
47 33
43 83
73 76
34 45
8 73
4 29
18 1
61 69
57 60
20 50
69 41
70 93
66 94
32 27
46 20
7 46
86 43
42 76
49 62
53 41
50 77
33 35
69 25
27 31
38 14
83 32
23 47
79 60
15 42
34 86
79 48
29 52
61 95
9 35
93 63
65 39
43 56
36 78
67 33
31 3
68 23
92 1
16 31
86 4
58 74
43 67
18 27
46 39
60 18
40 100
50 57
92 75
64 50
53 57
34 3
32 12
39 61
78 20
72 7
2 47
18 38
51 3
35 23
18 42
99 77
53 49
43 28
84 53
22 73
67 55
64 91
53 20
14 25
5 49
78 27
50 6
43 79
36 70
11 4
57 43
66 15
17 36
100 26
56 55
74 32
89 100
43 58
42 67
5 93
54 32
100 25
95 28
40 2
69 71
56 69
10 41
79 96
50 76
81 74
82 25
69 53
80 62
68 54
20 90
83 23
50 43
44 43
9 88
77 69
51 70
53 75
75 43
47 12
50 8
73 99
92 13
25 87
55 28
61 12
89 27
16 51
61 3
23 20
73 19
52 98
90 47
29 56
39 87
23 79
4 97
16 83
37 17
57 62
68 98
97 13
64 37
84 40
66 19
23 77
32 42
77 57
28 68
44 92
75 62
86 76
17 15
55 74
47 14
81 51
86 82
10 9
39 28